Smith
Zach
SMI0071
0123
0800
1300
0900
1500
0800
1300
0800
1400
0900
1200
John
Maryvill
JOH0037
O123
0800
1300
0900
1500
0800
1300
0800
1400
0900
1200
Biller
James
BIL0085
U123
0800
1300
0900
1500
0800
1300
0800
1400
0900
1200
Bill
Gates
GAT0420
01234
0000
0000
0000
0000
0000
0000
0000
0000
0000
0000
Neutron
Jimmy
NEU0240
5678
0000
0000
0000
0000
0000
0000
0000
0000
0000
0000
Shmik
Dan
SHM0703
kjcs
0000
0000
0000
0000
0000
0000
0000
0000
0000
0000
Smith
Zach
SMI0071
0123
0000
0000
0000
0000
0000
0000
0000
0000
0000
0000




0000
0000
0000
0000
0000
0000
0000
0000
0000
0000
Einstien
Albert
EIN0047
Berty
0000
0000
0000
0000
0000
0000
0000
0000
0000
0000
